0 0.0013887675779544093
1 0.0013776155967243169
2 0.0013664479599593898
3 0.00135526464568185
4 0.0013440656318830658
5 0.0013328508965235095
6 0.0013216204175327132
7 0.001310374172809226
8 0.0012991121402205698
9 0.0012878342976031965
10 0.001276540622762444
11 0.0012652310934724929
12 0.0012539056874763218
13 0.0012425643824856643
14 0.001231207156180965
15 0.0012198339862113361
16 0.001208444850194512
17 0.0011970397257168065
18 0.0011856185903330683
19 0.0011741814215666371
20 0.0011627281969092984
21 0.0011512588938212402
22 0.001139773489731009
23 0.0011282719620354634
24 0.0011167542880997322
25 0.001105220445257168
26 0.0010936704108093032
27 0.0010821041620258053
28 0.001070521676144432
29 0.0010589229303709872
30 0.001047307901879275
31 0.0010356765678110553
32 0.001024028905275999
33 0.001012364891351643
34 0.0010006845030833445
35 0.0009889877174842359
36 0.0009772745115351805
37 0.0009655448621847262
38 0.0009537987463490605
39 0.0009420361409119652
40 0.0009302570227247705
41 0.0009184613686063098
42 0.0009066491553428741
43 0.0008948203596881661
44 0.0008829749583632547
45 0.0008711129280565286
46 0.0008592342454236514
47 0.0008473388870875148
48 0.0008354268296381929
49 0.0008234980496328964
50 0.0008115525235959258
51 0.0007995902280186262
52 0.0007876111393593397
53 0.0007756152340433604
54 0.0007636024884628872
55 0.0007515728789769775
56 0.0007395263819115008
57 0.0007274629735590921
58 0.0007153826301791051
59 0.0007032853279975655
60 0.0006911710432071245
61 0.0006790397519670115
62 0.0006668914304029876
63 0.0006547260546072982
64 0.0006425436006386264
65 0.0006303440445220454
66 0.0006181273622489718
67 0.000605893529777118
68 0.0005936425230304453
69 0.0005813743178991156
70 0.0005690888902394451
71 0.0005567862158738563
72 0.0005444662705908301
73 0.0005321290301448585
74 0.000519774470256397
75 0.0005074025666118163
76 0.0004950132948633552
77 0.00048260663062907186
78 0.00047018254949279673
79 0.0004577410270040836
80 0.00044528203867816193
81 0.0004328055599958888
82 0.00042031156640370034
83 0.0004078000333135635
84 0.00039527093610292784
85 0.00038272425011467683
86 0.00037015995065707954
87 0.00035757801300374174
88 0.0003449784123935577
89 0.000332361124030661
90 0.00031972612308437597
91 0.00030707338468916886
92 0.00029440288394459876
93 0.00028171459591526865
94 0.0002690084956307764
95 0.00025628455808566553
96 0.00024354275823937604
97 0.00023078307101619518
98 0.00021800547130520803
99 0.00020520993396024804
100 0.00019239643379984767
101 0.00017956494560718875
102 0.0001667154441300529
103 0.00015384790408077176
104 0.00014096230013617734
105 0.00012805860693755201
106 0.00011513679909057881
