148 0.00035303737940629973
524 0.0004527160032700376
459 0.00035269247067320716
282 0.00035303737940629973
232 0.00035269247067320716
382 0.0005027277695684531
133 0.001135753570355569
808 0.00035303737940629973
96 0.00035303737940629973
260 0.00035303737940629973
108 0.00035269247067320716
479 0.00035269247067320716
774 0.00035269247067320716
47 0.0005721025007088285
512 0.00035269247067320716
633 0.00035269247067320716
460 0.00035269247067320716
855 0.00035303737940629973
711 0.001693174758474775
6 0.00035269247067320716
3 0.000904025636837953
5 0.00035303737940629973
276 0.00035269247067320716
641 0.00035269247067320716
63 0.0014824343706498079
291 0.00402220863986917
255 0.0020572512937060395
457 0.0060884399401752755
499 0.003186648284949544
33 0.00035269247067320716
102 0.00035303737940629973
662 0.00035269247067320716
62 0.002237011833446051
794 0.00035269247067320716
462 0.00035303737940629973
826 0.001755566972189029
379 0.00035303737940629973
807 0.00035269247067320716
236 0.0012094826444297492
824 0.00035303737940629973
575 0.00035269247067320716
624 0.00035303737940629973
23 0.00035269247067320716
339 0.00035303737940629973
66 0.00035303737940629973
478 0.00035303737940629973
595 0.00035303737940629973
587 0.00035269247067320716
205 0.00035303737940629973
281 0.0007160736354850992
218 0.00041270659023130577
225 0.00035269247067320716
101 0.00035269247067320716
482 0.00035269247067320716
628 0.0015834184821268986
491 0.0010306412435683336
134 0.00035269247067320716
125 0.00035269247067320716
42 0.001767893396698581
818 0.00563773614856628
162 0.0010132257321366093
817 0.00035269247067320716
70 0.001804637799060275
355 0.00035303737940629973
561 0.000653401511873649
356 0.00035269247067320716
93 0.00035269247067320716
59 0.0006534015118736489
787 0.00035303737940629973
361 0.0072490304871461846
472 0.001236834816991373
200 0.00035303737940629973
180 0.0005674815370012671
446 0.0004531587568954162
298 0.00035303737940629973
732 0.000428128412523137
405 0.00035303737940629973
438 0.005781486861067996
536 0.0023865987477884125
764 0.00035303737940629973
667 0.00035269247067320716
177 0.00035303737940629973
359 0.0007342797378654433
728 0.00035303737940629973
109 0.0007804506528966426
122 0.00035269247067320716
145 0.0007925775300734507
104 0.0010306412435683375
777 0.0021143315156103943
654 0.0005032194456399745
563 0.0027538051457557952
173 0.00035269247067320716
761 0.00035303737940629973
564 0.00035269247067320716
366 0.00035269247067320716
507 0.0030685018940914397
92 0.00035269247067320716
609 0.0016387144629393142
309 0.0027813264933698504
683 0.0004531587568954164
24 0.00035269247067320716
560 0.00035303737940629973
319 0.00040309806815085785
596 0.00041270659023130555
280 0.0004383507521569086
520 0.00035303737940629973
404 0.00035269247067320716
242 0.00035303737940629973
222 0.00035269247067320716
469 0.00035303737940629973
614 0.00035303737940629973
810 0.00035269247067320716
773 0.000652763068463699
151 0.0012709263708536127
406 0.005835405374603232
142 0.0051491527763777795
689 0.0005805443678154423
311 0.0009304859517918894
440 0.0005032194456399743
32 0.004436449614940213
279 0.00035303737940629973
204 0.00035303737940629973
448 0.00035269247067320716
237 0.0010258035575175736
635 0.0003955596989289918
819 0.00035303737940629973
779 0.00035269247067320716
718 0.00035303737940629973
869 0.00035303737940629973
488 0.00035303737940629973
511 0.00035303737940629973
515 0.00035303737940629973
541 0.00035269247067320716
314 0.008185948272299286
547 0.0005032194456399743
132 0.0007056607573720107
640 0.006970363002754726
252 0.000631032069190591
285 0.00035269247067320716
603 0.004574371390091599
443 0.0013328558993267016
233 0.00035303737940629973
161 0.00035269247067320716
763 0.001086179910318726
392 0.0003955596989289918
793 0.00035303737940629973
270 0.00035303737940629973
99 0.0008040519642765863
700 0.0004027042369716227
500 0.00035269247067320716
268 0.00035269247067320716
164 0.003514023564856832
661 0.0011514304485807406
529 0.0004531587568954161
827 0.0007011599028032383
758 0.00035269247067320716
841 0.00035269247067320716
530 0.00035269247067320716
577 0.00035303737940629973
729 0.00035269247067320716
416 0.00035269247067320716
744 0.0004531587568954164
569 0.00035303737940629973
409 0.00035269247067320716
116 0.00041729947076759265
590 0.00035303737940629973
111 0.00035303737940629973
821 0.00035303737940629973
228 0.004063936502326156
523 0.00044802520746711663
714 0.00035303737940629973
83 0.00035269247067320716
15 0.00035269247067320716
106 0.00035269247067320716
483 0.00035269247067320716
447 0.00035269247067320716
697 0.0004281284125231368
466 0.0007126668055189267
234 0.00035269247067320716
135 0.0010287075197380545
91 0.001366174287537483
631 0.00035269247067320716
377 0.0009689297684010288
532 0.00035269247067320716
67 0.00035303737940629973
671 0.00035269247067320716
792 0.00035303737940629973
768 0.0009350912854909851
602 0.0005032194456399745
724 0.00035303737940629973
185 0.0024171479563396044
669 0.00035269247067320716
18 0.00035269247067320716
421 0.0026316293775305705
158 0.00035303737940629973
809 0.00035303737940629973
788 0.00035303737940629973
780 0.0006534015118736489
831 0.00035269247067320716
739 0.0027538051457557952
630 0.00035269247067320716
709 0.010207702675500729
781 0.001593033301370642
310 0.00035303737940629973
574 0.00035303737940629973
412 0.00035303737940629973
487 0.00035269247067320716
250 0.0030819428221115163
172 0.00035269247067320716
159 0.00035303737940629973
623 0.014206269622120921
49 0.00035269247067320716
834 0.00035269247067320716
121 0.004372496947677021
315 0.00035303737940629973
703 0.0003955596989289917
176 0.00035269247067320716
474 0.00035269247067320716
154 0.00039020129539701865
649 0.001236834816991373
684 0.00035303737940629973
504 0.001134390134197036
284 0.00035269247067320716
648 0.002375482374674324
840 0.00035303737940629973
496 0.0032519687406368826
220 0.0005032194456399745
347 0.006954668764667666
240 0.00035303737940629973
244 0.00035269247067320716
160 0.00035269247067320716
425 0.001584669730308025
746 0.00035269247067320716
789 0.00035269247067320716
27 0.00035303737940629973
613 0.00035303737940629973
264 0.00035303737940629973
722 0.00035303737940629973
516 0.0005032194456399745
107 0.0004527160032700376
480 0.00035303737940629973
179 0.00035269247067320716
190 0.001636109999631166
243 0.00035269247067320716
381 0.00035269247067320716
65 0.0006148071457459475
856 0.003699631581659861
275 0.00035303737940629973
9 0.00035303737940629973
725 0.000823317881152429
195 0.00035269247067320716
545 0.0022416535350735555
299 0.00035303737940629973
803 0.00035303737940629973
193 0.00035269247067320716
312 0.00035269247067320716
805 0.00035269247067320716
396 0.00035303737940629973
769 0.0020948104673299862
186 0.00035269247067320716
571 0.000652763068463699
313 0.001065353344446972
510 0.00035269247067320716
50 0.00035303737940629973
238 0.00035269247067320716
174 0.0010807377677535526
71 0.00035303737940629973
249 0.00035269247067320716
837 0.0058181686679324475
304 0.001855769437854295
519 0.0006485169267865838
410 0.0010302334985103623
713 0.00035303737940629973
272 0.0025930647028570447
682 0.00035269247067320716
568 0.00035269247067320716
860 0.006517880151219175
201 0.005574906395194727
493 0.00035303737940629973
97 0.0025603535828884463
300 0.00035303737940629973
168 0.004998724771344924
652 0.0043334454253692095
36 0.0018979219269797812
688 0.00035269247067320716
136 0.00035269247067320716
782 0.00035269247067320716
503 0.0006031846507542564
374 0.001232117680740584
612 0.00035269247067320716
105 0.0010134509594458294
294 0.00035303737940629973
375 0.0005027277695684534
124 0.002056136544914689
468 0.0008109141154315167
665 0.00035269247067320716
685 0.0004281284125231369
783 0.00035269247067320716
555 0.0010951050941617902
581 0.0012144652073453558
742 0.003699631581659861
210 0.00035269247067320716
395 0.0005032194456399742
368 0.00035269247067320716
851 0.001989929056029698
41 0.00035303737940629973
431 0.003491796556699114
140 0.00035303737940629973
721 0.00035303737940629973
835 0.00035303737940629973
246 0.003324685983388634
216 0.00267074437949072
391 0.00035303737940629973
21 0.0004340727691916162
422 0.00035269247067320716
114 0.001838069811690468
790 0.00035269247067320716
126 0.000514937286496613
757 0.00183437747088319
450 0.0007056607573720107
386 0.007299390771173332
265 0.0025153676882930126
828 0.00035303737940629973
341 0.00035303737940629973
53 0.00035303737940629973
747 0.0008501059341722389
494 0.00035303737940629973
786 0.00035303737940629973
615 0.00035303737940629973
666 0.00035303737940629973
378 0.0004281284125231368
533 0.0005032194456399742
576 0.0007812141354242634
336 0.00035303737940629973
750 0.0010359464344003098
527 0.00035303737940629973
867 0.00035303737940629973
663 0.00035269247067320716
209 0.004567695913061546
559 0.0005032194456399742
118 0.0023876382645258913
295 0.00035303737940629973
77 0.00035303737940629973
485 0.0005027277695684534
181 0.00035303737940629973
72 0.00035303737940629973
865 0.0006022847626786419
736 0.00035303737940629973
437 0.00035269247067320716
414 0.00035303737940629973
34 0.00035303737940629973
256 0.00035269247067320716
552 0.0009610961816651914
627 0.00035269247067320716
632 0.00035269247067320716
579 0.00035269247067320716
283 0.00035303737940629973
328 0.0021743821557957486
679 0.00035303737940629973
55 0.00041729947076759265
489 0.00035303737940629973
785 0.004565833920516424
755 0.00035269247067320716
749 0.0012152577898382404
402 0.0013335598732650456
621 0.00035303737940629973
335 0.00035303737940629973
144 0.00035269247067320716
191 0.00035303737940629973
681 0.0007437416659654396
857 0.0035864226416196915
12 0.00035269247067320716
139 0.0006534015118736489
120 0.00035269247067320716
868 0.00035303737940629973
248 0.0012124795498652363
456 0.00035269247067320716
367 0.00042771012012083026
723 0.00035269247067320716
223 0.00035303737940629973
258 0.00035303737940629973
48 0.00035269247067320716
813 0.0008101186208587025
346 0.00035269247067320716
548 0.00035269247067320716
427 0.00035303737940629973
64 0.0024360869094703554
765 0.00035269247067320716
354 0.00035269247067320716
94 0.00035269247067320716
797 0.00035303737940629973
245 0.00035303737940629973
45 0.00035269247067320716
702 0.00035303737940629973
616 0.00035269247067320716
198 0.00035303737940629973
508 0.00035269247067320716
43 0.00035269247067320716
350 0.00035303737940629973
28 0.00035269247067320716
267 0.00035303737940629973
331 0.00035269247067320716
26 0.00035303737940629973
187 0.00035303737940629973
82 0.0020507838716747663
502 0.00035269247067320716
801 0.00035303737940629973
762 0.0008452295992411388
388 0.00035269247067320716
776 0.00035269247067320716
608 0.0009081382373295896
418 0.0019383364499508883
759 0.00035303737940629973
287 0.00035269247067320716
128 0.00035269247067320716
157 0.00035303737940629973
651 0.00035269247067320716
398 0.00048156156212888525
584 0.000653401511873649
263 0.00035303737940629973
369 0.00035303737940629973
715 0.003147375362843418
526 0.00035269247067320716
539 0.00035303737940629973
301 0.00035269247067320716
100 0.00035269247067320716
306 0.001387239493180952
461 0.00035269247067320716
39 0.00035303737940629973
150 0.00035269247067320716
656 0.00035269247067320716
451 0.00035303737940629973
214 0.00035303737940629973
733 0.00035303737940629973
89 0.00035303737940629973
849 0.00035303737940629973
112 0.00035269247067320716
337 0.000631032069190588
586 0.00035303737940629973
458 0.00035269247067320716
20 0.00035269247067320716
535 0.00035269247067320716
558 0.00035269247067320716
677 0.00035303737940629973
217 0.00035269247067320716
69 0.00035269247067320716
657 0.00035269247067320716
726 0.00040309806815085785
578 0.002237011833446044
345 0.00035269247067320716
465 0.00035303737940629973
606 0.00035269247067320716
408 0.0032256951543236283
178 0.0013997850020148672
357 0.0028457898178996435
169 0.00035269247067320716
342 0.0005997639931385775
372 0.00035303737940629973
197 0.006881344750293589
46 0.00035269247067320716
271 0.0008469281007950627
88 0.00035303737940629973
373 0.00035303737940629973
734 0.00035269247067320716
751 0.00035269247067320716
775 0.00035269247067320716
419 0.00035303737940629973
184 0.00035303737940629973
221 0.00035303737940629973
445 0.00035269247067320716
839 0.0004027042369716225
115 0.00035269247067320716
147 0.0027981463608492156
829 0.00035269247067320716
349 0.00035269247067320716
673 0.00035269247067320716
830 0.00035269247067320716
399 0.0006527630684636991
719 0.0015384608737686848
846 0.00035269247067320716
546 0.0007925775300734406
463 0.003565219097200463
740 0.0004531587568954164
203 0.000641288817253864
397 0.000652763068463699
417 0.00035303737940629973
680 0.0007812141354242609
167 0.00035303737940629973
710 0.00035269247067320716
490 0.00035303737940629973
847 0.005177020166149795
862 0.0005527395358668684
433 0.002738464240729254
811 0.00035269247067320716
832 0.0007386099275740565
771 0.002237011833446057
61 0.0022370118334460575
650 0.0004531587568954161
10 0.00042771012012082993
752 0.00035269247067320716
330 0.0012106659980451087
704 0.00035269247067320716
645 0.00035269247067320716
35 0.00035269247067320716
13 0.00035303737940629973
610 0.00035269247067320716
639 0.00035303737940629973
22 0.00035269247067320716
333 0.0007011599028032384
730 0.0008560207006990386
506 0.0006148071457459486
636 0.00035269247067320716
589 0.0006527630684636989
802 0.0029499073456045444
81 0.00035269247067320716
646 0.005742595800304675
423 0.00035269247067320716
288 0.0004131102058997696
119 0.00239017949838348
816 0.0008565339003949353
360 0.000781214135424262
87 0.004144661702919708
618 0.000652763068463699
756 0.0019463088212252051
327 0.00035303737940629973
861 0.00035303737940629973
597 0.0093396675178458
352 0.00035303737940629973
473 0.0014498996017658814
556 0.0009663683762953022
8 0.006094660706275428
475 0.00035269247067320716
436 0.00035269247067320716
353 0.004305679538269151
705 0.00035303737940629973
573 0.00035303737940629973
85 0.00607298973990016
84 0.00035303737940629973
619 0.00035269247067320716
79 0.00035269247067320716
37 0.00035269247067320716
486 0.00035269247067320716
591 0.00035269247067320716
798 0.00035269247067320716
393 0.00035303737940629973
38 0.00035269247067320716
278 0.00035269247067320716
605 0.00035269247067320716
720 0.00035269247067320716
428 0.00035269247067320716
812 0.00035269247067320716
528 0.00035269247067320716
484 0.00035269247067320716
302 0.00035303737940629973
582 0.00035303737940629973
213 0.00035269247067320716
567 0.00035269247067320716
850 0.00035269247067320716
686 0.00035269247067320716
329 0.0022395349877679404
7 0.00035303737940629973
348 0.003437945540084497
208 0.00035269247067320716
694 0.00103584852203905
211 0.004530616957314488
492 0.00035269247067320716
370 0.00035303737940629973
870 0.004639595167998551
19 0.00035303737940629973
156 0.00035303737940629973
254 0.00035269247067320716
452 0.00035303737940629973
363 0.00035303737940629973
0 0.0060708174168600275
653 0.0011191510875826535
664 0.00035303737940629973
380 0.00035269247067320716
731 0.00035269247067320716
562 0.0006534015118736488
674 0.00035269247067320716
95 0.00035269247067320716
470 0.0018879161083951673
340 0.00035269247067320716
60 0.00035303737940629973
235 0.001215240613242348
583 0.000489063695230637
659 0.00035269247067320716
866 0.00035303737940629973
199 0.0004531587568954161
364 0.00035269247067320716
525 0.0006527630684636991
770 0.00035269247067320716
75 0.00035269247067320716
550 0.00035269247067320716
501 0.00035303737940629973
593 0.0006534015118736488
784 0.00035269247067320716
274 0.0046601190130972255
531 0.00035303737940629973
642 0.00035269247067320716
73 0.0014945729117838674
557 0.00035303737940629973
538 0.0010871688953904583
554 0.0008804591773346418
146 0.0014508281462158015
670 0.0018563098357060417
660 0.00035303737940629973
580 0.00035269247067320716
815 0.00035269247067320716
449 0.0004527160032700376
297 0.0013353242841526905
833 0.00035303737940629973
14 0.00035303737940629973
175 0.00035269247067320716
760 0.00035269247067320716
634 0.004358313366093707
206 0.00035269247067320716
534 0.00035269247067320716
600 0.00035269247067320716
594 0.0008780531262065011
778 0.00035269247067320716
643 0.00035303737940629973
51 0.00035303737940629973
407 0.005647925259618163
207 0.0011438367076321053
453 0.0011815084106270115
795 0.0027766522436293807
123 0.00035269247067320716
57 0.0009816676805603833
843 0.0004527160032700379
103 0.00035269247067320716
622 0.00035269247067320716
799 0.0009673174257447712
1 0.00035269247067320716
477 0.00035269247067320716
52 0.006656600676510546
171 0.00035303737940629973
521 0.00035303737940629973
800 0.0004761563822839311
131 0.00035303737940629973
170 0.00035269247067320716
644 0.00035303737940629973
638 0.00035269247067320716
518 0.0025089303709317063
540 0.000989768443470723
385 0.00035269247067320716
344 0.001837943297982941
401 0.00035269247067320716
296 0.00035269247067320716
637 0.0004027042369716227
212 0.00035269247067320716
90 0.00035269247067320716
675 0.0006148071457459488
326 0.0005723963394532912
604 0.0013539867272093593
854 0.023382872275292607
292 0.016179820862865058
415 0.004170015031568808
44 0.012444248421366648
611 0.00035303737940629973
141 0.00035269247067320716
766 0.010059406594923371
617 0.00035303737940629973
748 0.002057561507112752
570 0.00035303737940629973
695 0.0012106659980451087
305 0.00035303737940629973
442 0.0058769268111726215
224 0.00035269247067320716
387 0.00035269247067320716
153 0.004706187149460089
585 0.005796610052635039
517 0.00035303737940629973
74 0.0024723601212812587
509 0.00035303737940629973
253 0.00035303737940629973
230 0.000428128412523137
365 0.0005032194456399746
390 0.0041418471393183665
384 0.0012565091982889931
58 0.00035303737940629973
698 0.0007460246608781977
542 0.0019366640584586906
741 0.0018739540098349826
565 0.0005027277695684534
497 0.0017592403372912325
196 0.00035269247067320716
362 0.00035269247067320716
403 0.0028843156283244434
80 0.0023371181515124133
727 0.00035303737940629973
202 0.005608220712708754
863 0.0018939976272631062
117 0.0005632922721334443
261 0.0046723720693550965
188 0.0010306412435683164
601 0.004043094022938778
383 0.0021241743400083222
138 0.005519229530098603
717 0.00035269247067320716
269 0.00035303737940629973
690 0.0053099924071072085
745 0.0006148071457459486
259 0.00035269247067320716
54 0.004969300009441891
320 0.00035303737940629973
804 0.00035269247067320716
76 0.00035269247067320716
229 0.00035269247067320716
852 0.0009789431025217865
435 0.002168911860896861
163 0.00035303737940629973
31 0.00035269247067320716
455 0.0009537656443409983
549 0.0006698385518507868
838 0.0008153426871566842
251 0.0005154410667354588
823 0.00035269247067320716
707 0.008469248415442911
17 0.005891202087827035
420 0.00035303737940629973
394 0.006084381107258256
625 0.004710096988152324
166 0.0006534015118736487
247 0.00035303737940629973
231 0.0027409375187647106
324 0.00035303737940629973
277 0.00035303737940629973
86 0.00035303737940629973
806 0.00035269247067320716
78 0.00035303737940629973
647 0.0009197307816879078
303 0.0008951195753372502
791 0.00035303737940629973
307 0.0010306412435683195
629 0.004528431570183894
192 0.0008065260810718697
692 0.00035303737940629973
113 0.00035303737940629973
543 0.00035303737940629973
753 0.00035269247067320716
454 0.00035303737940629973
165 0.00035303737940629973
266 0.00035269247067320716
658 0.00035269247067320716
2 0.00039020129539701876
322 0.00035269247067320716
505 0.00035269247067320716
498 0.00035303737940629973
706 0.00035269247067320716
772 0.00035269247067320716
343 0.0021946654632765076
844 0.01169584161171726
430 0.0026099158544243732
551 0.0009898578637035182
411 0.00035303737940629973
566 0.0008627816219006485
130 0.00035303737940629973
825 0.01350518255337196
149 0.0026957464580824697
262 0.00035269247067320716
701 0.007709437755134216
194 0.0006534015118736489
848 0.00035303737940629973
599 0.00035269247067320716
215 0.000652763068463699
323 0.001081276467426157
325 0.002929834148042491
317 0.002487363246513428
853 0.00035303737940629973
444 0.023734970190090326
30 0.00035303737940629973
796 0.00035303737940629973
219 0.0005980738897261257
152 0.00035303737940629973
426 0.00035269247067320716
743 0.00035269247067320716
4 0.002858604059106235
495 0.001398424452072802
439 0.0027409375187647106
678 0.00035303737940629973
735 0.00035269247067320716
290 0.003699631581659861
332 0.00035303737940629973
289 0.00035303737940629973
257 0.00035303737940629973
183 0.00035303737940629973
708 0.00035269247067320716
358 0.00035303737940629973
129 0.00035303737940629973
655 0.0008109141154315167
712 0.00035269247067320716
513 0.00035269247067320716
598 0.004052871255513857
814 0.00035269247067320716
592 0.00035269247067320716
351 0.0008890302248845915
182 0.00035269247067320716
696 0.0020125408312374623
29 0.00035303737940629973
441 0.00035303737940629973
481 0.00035303737940629973
691 0.00035303737940629973
588 0.00035303737940629973
226 0.00035269247067320716
522 0.00035269247067320716
699 0.00035269247067320716
464 0.00035269247067320716
737 0.00035303737940629973
514 0.00035269247067320716
40 0.00035269247067320716
544 0.00035269247067320716
738 0.0008881566619941194
687 0.00035269247067320716
620 0.0013990514000409822
476 0.00035303737940629973
716 0.00035269247067320716
137 0.0016675108319433288
241 0.00035269247067320716
553 0.0006527630684636989
334 0.0006209635779708684
11 0.0005154410667354577
864 0.00035269247067320716
413 0.00035303737940629973
424 0.0005723963394532902
189 0.0018644593520975934
434 0.00035303737940629973
858 0.00035269247067320716
143 0.00035303737940629973
25 0.00035303737940629973
537 0.0020671534246696176
273 0.00035269247067320716
127 0.001967874964410678
693 0.0030601894293445834
400 0.001017917435050392
754 0.00035269247067320716
432 0.00035303737940629973
467 0.00035269247067320716
842 0.0009663226891840213
338 0.00035269247067320716
626 0.0014304313400494268
668 0.00035269247067320716
16 0.0008674512933546322
376 0.00035303737940629973
308 0.0004131102058997695
98 0.00035303737940629973
822 0.00035303737940629973
316 0.00035269247067320716
429 0.00035303737940629973
293 0.00035303737940629973
227 0.00035269247067320716
56 0.00035303737940629973
318 0.00035303737940629973
845 0.00035303737940629973
286 0.00035303737940629973
859 0.0006534015118736489
155 0.00035303737940629973
389 0.0015393872809094241
471 0.0009465722755332991
371 0.00035269247067320716
572 0.0007535228893627651
767 0.00035269247067320716
676 0.0006534015118736491
836 0.0007925775300734431
321 0.00035303737940629973
672 0.00035269247067320716
607 0.001693174758474775
239 0.0003526924706732072
110 0.0003526924706732072
820 0.0003526924706732072
68 0.0005991785975782669
